{ap_0.3: 0.5898193628801431, ap_0.5: 0.5581226874634626, ap_0.7: 0.3209864502516461,
  precision_0.3: 0.7870930717863105, precision_0.5: 0.7672422787979967, precision_0.7: 0.5835507095158597,
  recall_0.3: 0.7310478497880073, recall_0.5: 0.7126105390672319, recall_0.7: 0.5419987886129618}
