{ap_0.3: 0.23378146986031548, ap_0.5: 0.2202711477822051, ap_0.7: 0.08067810898081378,
  precision_0.3: 0.5198983911939035, precision_0.5: 0.5029635901778154, precision_0.7: 0.3056731583403895,
  recall_0.3: 0.3904196693514201, recall_0.5: 0.37770241627808393, recall_0.7: 0.22954641797371766}
