{ap_0.3: 0.46789495737519615, ap_0.5: 0.43589634398262705, ap_0.7: 0.20419072926354861,
  precision_0.3: 0.6948169940295924, precision_0.5: 0.6722332785324912, precision_0.7: 0.46050012979146837,
  recall_0.3: 0.5890119562825497, recall_0.5: 0.5698672339176997, recall_0.7: 0.39037629281889535}
