{ap_0.3: 0.7556285894353615, ap_0.5: 0.7287532237162704, ap_0.7: 0.4745792367204195,
  precision_0.3: 0.8623687381649165, precision_0.5: 0.8463590979514546, precision_0.7: 0.6826045791013944,
  recall_0.3: 0.8746017196979616, recall_0.5: 0.8583649775217145, recall_0.7: 0.6922875474662826}
